tmat 42 4
tmat [0]
 8.411e-001 1.589e-001                  
          9.447e-001 5.531e-002         
                   9.015e-001 9.845e-002
tmat [1]
 8.251e-001 1.749e-001                  
          7.557e-001 2.443e-001         
                   8.051e-001 1.949e-001
tmat [2]
 6.691e-001 3.309e-001                  
          7.977e-001 2.023e-001         
                   6.746e-001 3.254e-001
tmat [3]
 7.077e-001 2.923e-001                  
          7.865e-001 2.135e-001         
                   5.919e-001 4.081e-001
tmat [4]
 3.878e-001 6.122e-001                  
          4.893e-001 5.107e-001         
                   2.952e-001 7.048e-001
tmat [5]
 7.125e-001 2.875e-001                  
          8.154e-001 1.846e-001         
                   6.988e-001 3.012e-001
tmat [6]
 8.150e-001 1.850e-001                  
          7.932e-001 2.068e-001         
                   7.905e-001 2.095e-001
tmat [7]
 8.148e-001 1.852e-001                  
          7.201e-001 2.799e-001         
                   7.649e-001 2.351e-001
tmat [8]
 7.083e-001 2.917e-001                  
          4.376e-001 5.624e-001         
                   4.942e-001 5.058e-001
tmat [9]
 7.574e-001 2.426e-001                  
          7.975e-001 2.025e-001         
                   6.721e-001 3.279e-001
tmat [10]
 4.662e-001 5.338e-001                  
          3.077e-001 6.923e-001         
                   6.472e-001 3.528e-001
tmat [11]
 7.471e-001 2.529e-001                  
          3.814e-001 6.186e-001         
                   3.796e-001 6.204e-001
tmat [12]
 5.423e-001 4.577e-001                  
          6.940e-001 3.060e-001         
                   5.269e-001 4.731e-001
tmat [13]
 6.504e-001 3.496e-001                  
          7.598e-001 2.402e-001         
                   6.885e-001 3.115e-001
tmat [14]
 7.258e-001 2.742e-001                  
          7.984e-001 2.016e-001         
                   7.196e-001 2.804e-001
tmat [15]
 6.207e-001 3.793e-001                  
          7.979e-001 2.021e-001         
                   6.389e-001 3.611e-001
tmat [16]
 7.126e-001 2.874e-001                  
          5.889e-001 4.111e-001         
                   5.606e-001 4.394e-001
tmat [17]
 5.914e-001 4.086e-001                  
          6.716e-001 3.284e-001         
                   4.590e-001 5.410e-001
tmat [18]
 4.454e-001 5.546e-001                  
          5.517e-001 4.483e-001         
                   3.538e-001 6.462e-001
tmat [19]
 5.760e-001 4.240e-001                  
          7.694e-001 2.306e-001         
                   6.898e-001 3.102e-001
tmat [20]
 7.463e-001 2.537e-001                  
          7.465e-001 2.535e-001         
                   6.456e-001 3.544e-001
tmat [21]
 6.695e-001 3.305e-001                  
          6.612e-001 3.388e-001         
                   6.958e-001 3.042e-001
tmat [22]
 6.709e-001 3.291e-001                  
          6.626e-001 3.374e-001         
                   6.080e-001 3.920e-001
tmat [23]
 5.816e-001 4.184e-001                  
          7.008e-001 2.992e-001         
                   5.868e-001 4.132e-001
tmat [24]
 4.599e-001 5.401e-001                  
          6.130e-001 3.870e-001         
                   5.436e-001 4.564e-001
tmat [25]
 5.982e-001 4.018e-001                  
          7.350e-001 2.650e-001         
                   7.159e-001 2.841e-001
tmat [26]
 7.492e-001 2.508e-001                  
          7.645e-001 2.355e-001         
                   7.389e-001 2.611e-001
tmat [27]
 8.591e-001 1.409e-001                  
          7.538e-001 2.462e-001         
                   8.217e-001 1.783e-001
tmat [28]
 7.148e-001 2.852e-001                  
          5.717e-001 4.283e-001         
                   7.121e-001 2.879e-001
tmat [29]
 6.481e-001 3.519e-001                  
          5.647e-001 4.353e-001         
                   5.545e-001 4.455e-001
tmat [30]
 6.612e-001 3.388e-001                  
          8.074e-001 1.926e-001         
                   6.908e-001 3.092e-001
tmat [31]
 6.950e-001 3.050e-001                  
          8.410e-001 1.590e-001         
                   6.727e-001 3.273e-001
tmat [32]
 9.180e-001 8.197e-002                  
          8.681e-001 1.319e-001         
                   8.309e-001 1.691e-001
tmat [33]
 6.616e-001 3.384e-001                  
          4.953e-001 5.047e-001         
                   5.565e-001 4.435e-001
tmat [34]
 5.836e-001 4.164e-001                  
          7.688e-001 2.312e-001         
                   6.692e-001 3.308e-001
tmat [35]
 4.913e-001 5.087e-001                  
          5.567e-001 4.433e-001         
                   4.070e-001 5.930e-001
tmat [36]
 6.552e-001 3.448e-001                  
          6.346e-001 3.654e-001         
                   6.993e-001 3.007e-001
tmat [37]
 4.335e-001 5.665e-001                  
          4.672e-001 5.328e-001         
                   6.514e-001 3.486e-001
tmat [38]
 7.678e-001 2.322e-001                  
          5.624e-001 4.376e-001         
                   5.069e-001 4.931e-001
tmat [39]
 7.318e-001 2.682e-001                  
          6.192e-001 3.808e-001         
                   5.110e-001 4.890e-001
tmat [40]
 6.297e-001 3.703e-001                  
          7.704e-001 2.296e-001         
                   6.626e-001 3.374e-001
tmat [41]
 7.136e-001 2.864e-001                  
          8.055e-001 1.945e-001         
                   6.010e-001 3.990e-001
