Audio Track : pizzeria_female_2.wav.wav
[
{t, 1.000, [2210:2310]}, 
{er, 1.000, [2270:2460]}, 
{iy, 1.000, [2470:2680]}, 
{ah, 1.000, [2690:2800]}]
Amount of phonemes: 4 from 7
Phonemes: p iy t s er iy ah
************************************

numerator: [3.6246384035187135E-56, 4.2761544484877925E-55, 3.2618519058957412E-55, 3.2624406419217678E-55, 1.789444263318918E-55, 1.4084759264608308E-55, 8.776356935380054E-56, 5.090419602973057E-56, 5.375143286998918E-56, 5.37609972835583E-56, 6.202848606248599E-56, 1.4181522950867155E-56, 2.11516986015206E-54, 2.308992498146388E-54, 2.1199479686651976E-54, 2.441561326372136E-54, 2.7609114171610797E-54, 2.446903978874818E-54, 3.50588751125065E-54, 3.258959781430066E-54, 3.4961731519515116E-54, 4.31361967650426E-54, 4.226855744838085E-54, 3.33927452292528E-54, 3.6682504927288004E-54, 3.76195645326823E-54, 2.999387989702119E-54, 3.0545458200725116E-54, 3.1907247466450945E-54, 2.8786960674269855E-54, 2.1812332850775356E-54, 2.3646539858498383E-57, 1.858101580231889E-57, 1.7969285556448778E-57, 1.4982012436844237E-57, 2.1189090193277056E-57, 2.176169482673621E-57, 2.0994921695711258E-57, 2.0865257898956358E-57, 2.4804964167213173E-57, 2.2795962370166734E-57, 2.482259689104227E-57, 2.63454545052168E-57, 2.7959418530243525E-57, 2.8588823139998736E-57, 3.304315870194522E-57, 3.0715068657728376E-57, 2.651610353517837E-57, 2.3351921434174192E-57, 1.8932194347339715E-57, 1.9991609256385831E-57, 1.9253948563108328E-57, 1.8016750642297894E-57, 9.819562348443577E-54, 2.117845182891574E-53, 2.0300388726103598E-53, 2.0323283411440136E-53, 2.7638480383193887E-53, 2.120776488733909E-53, 3.148883499791402E-53, 2.743023994353455E-53, 3.2515162556943117E-53, 5.554744260667425E-53, 4.310471092669791E-53, 7.664796213958084E-53]

denominator: [1.1726408054918888E-50, 4.1956721775294753E-50, 2.4836618715042706E-50, 2.771121348881736E-50, 5.063158578176104E-51, 2.2497579707185246E-50, 2.6325054541734337E-50, 1.767396630081878E-50, 2.042040057939884E-50, 1.661685269487826E-50, 1.8976737624680762E-50, 2.6325054541734337E-50, 1.767396630081878E-50, 2.042040057939884E-50, 1.661685269487826E-50, 1.8976737624680762E-50, 2.247096245663467E-50, 1.5594019752776803E-50, 2.482992174804953E-50, 2.736508377617398E-50, 5.477237609421654E-50, 1.4961248657433153E-49, 1.78344042451325E-49, 1.6195064215645428E-49, 3.0253681058291645E-49, 2.869015073946987E-49, 1.4082600077017427E-49, 1.0373613919171599E-49, 4.933063730971235E-50, 2.756481869946521E-50, 1.994736420593908E-50, 1.405331561429657E-50, 1.1064405336868002E-50, 1.0412791544687146E-50, 7.168184957036883E-51, 1.0862167901031325E-50, 1.1378040924209582E-50, 1.0758097656591974E-50, 1.1509164497690876E-50, 1.4359988707178795E-50, 1.2265697349238164E-50, 1.4599558367844365E-50, 1.4698111535859415E-50, 1.5227151570723232E-50, 1.28546226234839E-50, 1.5436427836873188E-50, 1.699577794196244E-50, 1.5024009396506864E-50, 1.5839728157449586E-50, 1.3319121884763938E-50, 1.588028752709697E-50, 1.9266685831084125E-50, 1.7183642427588173E-50, 2.0034915940209505E-50, 2.2957961161151964E-50, 2.0978170817322713E-50, 1.980279514560636E-50, 2.8930199500464487E-50, 1.8762966203420122E-50, 2.975626142973106E-50, 1.8606048171611061E-50, 2.010628285599072E-50, 3.910208062947011E-50, 2.9243546116110517E-50, 1.3542885685670561E-49]

Probability: [12.687014329486365, 11.493924912713338, 11.240364393811612, 11.349701943906883, 10.250425781236123, 11.981239890257475, 12.61138520094139, 12.757657927456743, 12.847674662822294, 12.641379714215617, 12.631130719326718, 14.434091771175503, 9.030712883964744, 9.087478427133995, 8.966781136637458, 8.958331449972777, 9.004418348396785, 8.759819227214356, 8.865361025645083, 9.035615105999401, 9.659272274813112, 10.454026423655813, 10.650011392612411, 10.789293315053781, 11.320243393499064, 11.241955100641297, 10.756872105794622, 10.432974917178404, 9.646052529159437, 9.166958116543524, 9.120961849648802, 15.597737207640673, 15.59968847659696, 15.57246671511497, 15.380897818811661, 15.4498951324106, 15.46962960785163, 15.449473807881368, 15.523153807474486, 15.571497626997148, 15.498318752649768, 15.587332527163815, 15.534518913981188, 15.51042165218082, 15.318783292702609, 15.357011264629879, 15.526307237884529, 15.549992969855257, 15.729937606289296, 15.766432511791653, 15.88786156451082, 16.118756972799993, 16.070751644214514, 7.620855273409353, 6.988435805283894, 6.940597656243514, 6.881811180823778, 6.953432275430506, 6.785272940361519, 6.851161818564081, 6.5195959249645234, 6.427081104351006, 6.55669348024538, 6.519781889330903, 7.476978721374703]

Sum of probabilities: 11.65331839158049
