tmat 46 4
tmat [0]
 8.713e-001 1.287e-001                  
          9.379e-001 6.205e-002         
                   8.896e-001 1.104e-001
tmat [1]
 9.301e-001 6.991e-002                  
          9.532e-001 4.681e-002         
                   9.694e-001 3.059e-002
tmat [2]
 9.158e-001 8.418e-002                  
          9.095e-001 9.049e-002         
                   9.332e-001 6.685e-002
tmat [3]
 9.527e-001 4.730e-002                  
          9.540e-001 4.602e-002         
                   9.490e-001 5.096e-002
tmat [4]
 8.699e-001 1.301e-001                  
          9.245e-001 7.549e-002         
                   9.360e-001 6.399e-002
tmat [5]
 8.194e-001 1.806e-001                  
          8.680e-001 1.320e-001         
                   8.914e-001 1.086e-001
tmat [6]
 6.903e-001 3.097e-001                  
          7.491e-001 2.509e-001         
                   6.683e-001 3.317e-001
tmat [7]
 7.107e-001 2.893e-001                  
          7.576e-001 2.424e-001         
                   6.503e-001 3.497e-001
tmat [8]
 5.276e-001 4.724e-001                  
          5.329e-001 4.671e-001         
                   5.291e-001 4.709e-001
tmat [9]
 6.981e-001 3.019e-001                  
          7.529e-001 2.471e-001         
                   7.049e-001 2.951e-001
tmat [10]
 7.836e-001 2.164e-001                  
          7.773e-001 2.227e-001         
                   7.627e-001 2.373e-001
tmat [11]
 7.441e-001 2.559e-001                  
          7.692e-001 2.308e-001         
                   7.588e-001 2.412e-001
tmat [12]
 6.215e-001 3.785e-001                  
          4.652e-001 5.348e-001         
                   4.540e-001 5.460e-001
tmat [13]
 7.376e-001 2.624e-001                  
          7.285e-001 2.715e-001         
                   7.207e-001 2.793e-001
tmat [14]
 5.333e-001 4.667e-001                  
          5.552e-001 4.448e-001         
                   6.747e-001 3.253e-001
tmat [15]
 5.807e-001 4.193e-001                  
          3.748e-001 6.252e-001         
                   4.065e-001 5.935e-001
tmat [16]
 6.228e-001 3.772e-001                  
          6.805e-001 3.195e-001         
                   6.041e-001 3.959e-001
tmat [17]
 6.558e-001 3.442e-001                  
          7.299e-001 2.701e-001         
                   7.146e-001 2.854e-001
tmat [18]
 7.203e-001 2.797e-001                  
          7.816e-001 2.184e-001         
                   7.487e-001 2.513e-001
tmat [19]
 6.544e-001 3.456e-001                  
          7.700e-001 2.300e-001         
                   6.362e-001 3.638e-001
tmat [20]
 6.172e-001 3.828e-001                  
          5.801e-001 4.199e-001         
                   5.820e-001 4.180e-001
tmat [21]
 7.414e-001 2.586e-001                  
          6.916e-001 3.084e-001         
                   5.829e-001 4.171e-001
tmat [22]
 5.689e-001 4.311e-001                  
          5.791e-001 4.209e-001         
                   5.295e-001 4.705e-001
tmat [23]
 6.341e-001 3.659e-001                  
          7.297e-001 2.703e-001         
                   7.163e-001 2.837e-001
tmat [24]
 7.096e-001 2.904e-001                  
          6.535e-001 3.465e-001         
                   7.137e-001 2.863e-001
tmat [25]
 5.652e-001 4.348e-001                  
          6.384e-001 3.616e-001         
                   6.981e-001 3.019e-001
tmat [26]
 6.655e-001 3.345e-001                  
          6.043e-001 3.957e-001         
                   6.289e-001 3.711e-001
tmat [27]
 5.927e-001 4.073e-001                  
          6.452e-001 3.548e-001         
                   6.169e-001 3.831e-001
tmat [28]
 5.507e-001 4.493e-001                  
          5.995e-001 4.005e-001         
                   6.020e-001 3.980e-001
tmat [29]
 5.610e-001 4.390e-001                  
          6.816e-001 3.184e-001         
                   7.282e-001 2.718e-001
tmat [30]
 7.061e-001 2.939e-001                  
          7.733e-001 2.267e-001         
                   7.605e-001 2.395e-001
tmat [31]
 8.165e-001 1.835e-001                  
          7.697e-001 2.303e-001         
                   8.100e-001 1.900e-001
tmat [32]
 6.088e-001 3.912e-001                  
          6.359e-001 3.641e-001         
                   6.725e-001 3.275e-001
tmat [33]
 6.446e-001 3.554e-001                  
          5.638e-001 4.362e-001         
                   5.812e-001 4.188e-001
tmat [34]
 6.431e-001 3.569e-001                  
          7.895e-001 2.105e-001         
                   6.774e-001 3.226e-001
tmat [35]
 6.966e-001 3.034e-001                  
          7.866e-001 2.134e-001         
                   6.700e-001 3.300e-001
tmat [36]
 9.216e-001 7.844e-002                  
          8.489e-001 1.511e-001         
                   9.155e-001 8.445e-002
tmat [37]
 5.752e-001 4.248e-001                  
          5.767e-001 4.233e-001         
                   6.300e-001 3.700e-001
tmat [38]
 6.710e-001 3.290e-001                  
          7.350e-001 2.650e-001         
                   6.636e-001 3.364e-001
tmat [39]
 5.172e-001 4.828e-001                  
          4.850e-001 5.150e-001         
                   5.519e-001 4.481e-001
tmat [40]
 6.211e-001 3.789e-001                  
          6.938e-001 3.062e-001         
                   7.062e-001 2.938e-001
tmat [41]
 4.840e-001 5.160e-001                  
          5.060e-001 4.940e-001         
                   6.357e-001 3.643e-001
tmat [42]
 6.766e-001 3.234e-001                  
          5.722e-001 4.278e-001         
                   4.839e-001 5.161e-001
tmat [43]
 6.195e-001 3.805e-001                  
          6.006e-001 3.994e-001         
                   5.456e-001 4.544e-001
tmat [44]
 6.483e-001 3.517e-001                  
          7.168e-001 2.832e-001         
                   7.112e-001 2.888e-001
tmat [45]
 7.082e-001 2.918e-001                  
          6.990e-001 3.010e-001         
                   6.506e-001 3.494e-001
